zeros	ones	twos	U	L	H	I	Length of Sequence			zeros	ones	twos	U	L	H	I	Length of Sequence
0	0,328947368	0,223684211	0	0	0,447368421	0	76			#ZAHL!	-0,482873584	-0,650364671	#ZAHL!	#ZAHL!	-0,349334675	#ZAHL!	1,880813592
0	0,310638298	0,157446809	0	0	0,531914894	0	235			#ZAHL!	-0,507745002	-0,802866138	#ZAHL!	#ZAHL!	-0,274157849	#ZAHL!	2,371067862
0	0,182741117	0,197969543	0	0	0,61928934	0	394			#ZAHL!	-0,738163725	-0,703401619	#ZAHL!	#ZAHL!	-0,208106395	#ZAHL!	2,595496222
0	0,330357143	0,151785714	0	0	0,517857143	0	112			#ZAHL!	-0,481016299	-0,818769101	#ZAHL!	#ZAHL!	-0,285790029	#ZAHL!	2,049218023
0	0,648148148	0,046296296	0	0	0,305555556	0	108			#ZAHL!	-0,188325715	-1,334453751	#ZAHL!	#ZAHL!	-0,514909816	#ZAHL!	2,033423755
0	0,626297578	0,148788927	0	0	0,224913495	0	289			#ZAHL!	-0,203219268	-0,827429387	#ZAHL!	#ZAHL!	-0,647984486	#ZAHL!	2,460897843
0	0,603773585	0,056603774	0	0	0,339622642	0	53			#ZAHL!	-0,219125891	-1,247154615	#ZAHL!	#ZAHL!	-0,469003364	#ZAHL!	1,72427587
0	0,513513514	0,148648649	0	0	0,337837838	0	74			#ZAHL!	-0,289448123	-0,827839035	#ZAHL!	#ZAHL!	-0,471291711	#ZAHL!	1,86923172
0	0,490410959	0,153424658	0	0	0,356164384	0	365			#ZAHL!	-0,309439833	-0,814104837	#ZAHL!	#ZAHL!	-0,448349512	#ZAHL!	2,562292864
0	0,239852399	0,210332103	0	0,110701107	0,439114391	0	271			#ZAHL!	-0,620055934	-0,677094435	#ZAHL!	-0,955848036	-0,357422329	#ZAHL!	2,432969291
0	0,184143223	0,227621483	0	0	0,588235294	0	391			#ZAHL!	-0,734844261	-0,642786751	#ZAHL!	#ZAHL!	-0,230448921	#ZAHL!	2,592176757
0	0,886543536	0,013192612	0,055408971	0	0,044854881	0	379			#ZAHL!	-0,052299933	-1,879669206	-1,256419915	#ZAHL!	-1,348190289	#ZAHL!	2,57863921
0	0,358490566	0,301886792	0	0	0,339622642	0	53			#ZAHL!	-0,445522269	-0,520155887	#ZAHL!	#ZAHL!	-0,469003364	#ZAHL!	1,72427587
0	0,463414634	0,097560976	0	0	0,43902439	0	41			#ZAHL!	-0,334030256	-1,010723865	#ZAHL!	#ZAHL!	-0,357511352	#ZAHL!	1,612783857
0,032258065	0,193548387	0,107526882	0	0,193548387	0,47311828	0	93			-1,491361694	-0,713210443	-0,968482949	#ZAHL!	-0,713210443	-0,325030272	#ZAHL!	1,968482949
0	0,247288503	0,594360087	0	0	0,15835141	0	461			#ZAHL!	-0,606796074	-0,225950363	#ZAHL!	#ZAHL!	-0,800378065	#ZAHL!	2,663700925
0	0,1625	0,25	0,3	0	0,2875	0	80			#ZAHL!	-0,789146635	-0,602059991	-0,522878745	#ZAHL!	-0,541362151	#ZAHL!	1,903089987
0	0,189189189	0,486486486	0,027027027	0	0,297297297	0	74			#ZAHL!	-0,723103684	-0,312929219	-1,568201724	#ZAHL!	-0,526809039	#ZAHL!	1,86923172
0	0,072164948	0,474226804	0,12371134	0	0,24742268	0,082474227	97			#ZAHL!	-1,141673694	-0,324013903	-0,907590488	#ZAHL!	-0,606560493	-1,083681747	1,986771734
0,240963855	0,301204819	0,084337349	0	0	0,373493976	0	83			-0,618048097	-0,521138084	-1,073980052	#ZAHL!	#ZAHL!	-0,427716399	#ZAHL!	1,919078092
0	0,449704142	0,25443787	0,130177515	0	0,165680473	0	169			#ZAHL!	-0,347073112	-0,594418249	-0,885464024	#ZAHL!	-0,780728673	#ZAHL!	2,227886705
0	0,129032258	0,290322581	0	0	0,580645161	0	31			#ZAHL!	-0,889301703	-0,537119184	#ZAHL!	#ZAHL!	-0,236089189	#ZAHL!	1,491361694
0	0,171428571	0,128571429	0,342857143	0	0,357142857	0	70			#ZAHL!	-0,765916794	-0,890855531	-0,464886798	#ZAHL!	-0,447158031	#ZAHL!	1,84509804
0	0,184210526	0,342105263	0	0	0,473684211	0	38			#ZAHL!	-0,734685557	-0,465840244	#ZAHL!	#ZAHL!	-0,324511092	#ZAHL!	1,579783597
0	0,301587302	0,015873016	0,253968254	0	0,428571429	0	63			#ZAHL!	-0,520586949	-1,799340549	-0,595220567	#ZAHL!	-0,367976785	#ZAHL!	1,799340549
0	0,3875	0,0375	0,2625	0	0,3125	0	80			#ZAHL!	-0,411728293	-1,425968732	-0,580870692	#ZAHL!	-0,505149978	#ZAHL!	1,903089987
0	0,307692308	0,025641026	0,205128205	0	0,461538462	0	39			#ZAHL!	-0,511883361	-1,591064607	-0,68797462	#ZAHL!	-0,335792102	#ZAHL!	1,591064607
0	0,540983607	0,06557377	0,008196721	0	0,385245902	0	122			#ZAHL!	-0,266815895	-1,183269844	-2,086359831	#ZAHL!	-0,414261973	#ZAHL!	2,086359831
0,0125	0,2	0,308333333	0	0	0,479166667	0	240			-1,903089987	-0,698970004	-0,510979522	#ZAHL!	#ZAHL!	-0,319513401	#ZAHL!	2,380211242
0	0,076190476	0,825396825	0	0	0,098412698	0	315			#ZAHL!	-1,118099312	-0,083337206	#ZAHL!	#ZAHL!	-1,00694886	#ZAHL!	2,498310554
0	0,071979434	0,709511568	0,089974293	0	0,128534704	0	389			#ZAHL!	-1,14279157	-0,149040519	-1,045881557	#ZAHL!	-0,890979597	#ZAHL!	2,589949601
0	0,311764706	0,364705882	0	0	0,305882353	0,017647059	170			#ZAHL!	-0,506173052	-0,438057232	#ZAHL!	#ZAHL!	-0,514445578	-1,753327667	2,230448921
0	0,666666667	0,115942029	0	0	0,217391304	0	69			#ZAHL!	-0,176091259	-0,935759104	#ZAHL!	#ZAHL!	-0,662757832	#ZAHL!	1,838849091
0	0,30952381	0,333333333	0	0	0,357142857	0	42			#ZAHL!	-0,509305938	-0,477121255	#ZAHL!	#ZAHL!	-0,447158031	#ZAHL!	1,62324929
0	0,2	0,15	0,25	0	0,4	0	40			#ZAHL!	-0,698970004	-0,823908741	-0,602059991	#ZAHL!	-0,397940009	#ZAHL!	1,602059991
0	0,590062112	0,068322981	0	0	0,341614907	0	161			#ZAHL!	-0,229102271	-1,165433191	#ZAHL!	#ZAHL!	-0,466463187	#ZAHL!	2,206825876
0	0,238095238	0,321428571	0	0	0,44047619	0	84			#ZAHL!	-0,62324929	-0,492915522	#ZAHL!	#ZAHL!	-0,356077562	#ZAHL!	1,924279286
0	0,314713896	0,441416894	0,001362398	0	0,242506812	0	734			#ZAHL!	-0,50208408	-0,35515105	-2,86569606	#ZAHL!	-0,615276058	#ZAHL!	2,86569606
0	0,164502165	0,359307359	0,333333333	0,064935065	0,077922078	0	231			#ZAHL!	-0,783828383	-0,444533888	-0,477121255	-1,187520721	-1,108339475	#ZAHL!	2,36361198
0	0,251798561	0,170263789	0	0	0,57793765	0	417			#ZAHL!	-0,598946756	-0,768877706	#ZAHL!	#ZAHL!	-0,238119012	#ZAHL!	2,620136055
0,005128205	0,112820513	0,287179487	0	0	0,594871795	0	195			-2,290034611	-0,947611931	-0,541846584	#ZAHL!	#ZAHL!	-0,225576622	#ZAHL!	2,290034611
0	0,333333333	0,305555556	0	0	0,361111111	0	36			#ZAHL!	-0,477121255	-0,514909816	#ZAHL!	#ZAHL!	-0,442359148	#ZAHL!	1,556302501
0	0,432432432	0,189189189	0	0	0,378378378	0	37			#ZAHL!	-0,364081741	-0,723103684	#ZAHL!	#ZAHL!	-0,422073688	#ZAHL!	1,568201724
0	0,189189189	0,378378378	0,027027027	0	0,405405405	0	37			#ZAHL!	-0,723103684	-0,422073688	-1,568201724	#ZAHL!	-0,392110465	#ZAHL!	1,568201724
0	0,326923077	0,198717949	0	0	0,474358974	0	156			#ZAHL!	-0,485554422	-0,701762905	#ZAHL!	#ZAHL!	-0,323892879	#ZAHL!	2,193124598
0	0,188940092	0,175115207	0	0	0,6359447	0	217			#ZAHL!	-0,723675877	-0,756676137	#ZAHL!	#ZAHL!	-0,196580647	#ZAHL!	2,336459734
0	0,290322581	0,032258065	0	0	0,677419355	0	31			#ZAHL!	-0,537119184	-1,491361694	#ZAHL!	#ZAHL!	-0,169142399	#ZAHL!	1,491361694
0	0,235294118	0,176470588	0	0	0,588235294	0	34			#ZAHL!	-0,62838893	-0,753327667	#ZAHL!	#ZAHL!	-0,230448921	#ZAHL!	1,531478917
0	0,297709924	0,198473282	0,007633588	0	0,496183206	0	131			#ZAHL!	-0,526206689	-0,702297948	-2,117271296	#ZAHL!	-0,304357939	#ZAHL!	2,117271296
0	0,168067227	0,218487395	0	0	0,613445378	0	119			#ZAHL!	-0,774516966	-0,660573613	#ZAHL!	#ZAHL!	-0,212224101	#ZAHL!	2,075546961
0	0,431137725	0,201596806	0	0,043912176	0,323353293	0	501			#ZAHL!	-0,365383975	-0,695516352	#ZAHL!	-1,357415045	-0,490322711	#ZAHL!	2,699837726
0	0,688311688	0,100899101	0,007992008	0	0,202797203	0	1001			#ZAHL!	-0,162214856	-0,996112704	-2,09734409	#ZAHL!	-0,69293804	#ZAHL!	3,000434077
0,042307692	0,932692308	0	0	0	0,025	0	520			-1,373580663	-0,030261605	#ZAHL!	#ZAHL!	#ZAHL!	-1,602059991	#ZAHL!	2,716003344
0	0,068831169	0,025974026	0,87012987	0,014285714	0,020779221	0	770			#ZAHL!	-1,162214856	-1,58546073	-0,060415922	-1,84509804	-1,682370743	#ZAHL!	2,886490725
0,091240876	0,660583942	0	0,00729927	0	0,240875912	0	274			-1,039810554	-0,180071988	#ZAHL!	-2,136720567	#ZAHL!	-0,618206627	#ZAHL!	2,437750563
0	0,2	0,226086957	0	0	0,573913043	0	115			#ZAHL!	-0,698970004	-0,645724492	#ZAHL!	#ZAHL!	-0,241153905	#ZAHL!	2,06069784
0	0,310077519	0,186046512	0	0	0,503875969	0	129			#ZAHL!	-0,508529719	-0,730378469	#ZAHL!	#ZAHL!	-0,297676354	#ZAHL!	2,11058971
0	0,061643836	0,801369863	0	0	0,136986301	0	146			#ZAHL!	-1,210110346	-0,096166994	#ZAHL!	#ZAHL!	-0,86332286	#ZAHL!	2,164352856
0	0,189189189	0,432432432	0	0	0,378378378	0	37			#ZAHL!	-0,723103684	-0,364081741	#ZAHL!	#ZAHL!	-0,422073688	#ZAHL!	1,568201724
0	0,328125	0,421875	0,03125	0	0,21875	0	64			#ZAHL!	-0,483960679	-0,37481621	-1,505149978	#ZAHL!	-0,660051938	#ZAHL!	1,806179974
0	0,409090909	0,102870813	0	0,074162679	0,413875598	0	418			#ZAHL!	-0,388180171	-0,987707826	#ZAHL!	-1,129814588	-0,383130179	#ZAHL!	2,621176282
0	0,536585366	0,231707317	0,012195122	0	0,219512195	0	82			#ZAHL!	-0,270361176	-0,635060251	-1,913813852	#ZAHL!	-0,658541347	#ZAHL!	1,913813852
0	0,173913043	0,5	0	0	0,326086957	0	46			#ZAHL!	-0,759667845	-0,301029996	#ZAHL!	#ZAHL!	-0,486666573	#ZAHL!	1,662757832
0	0,529801325	0,125827815	0	0	0,344370861	0	151			#ZAHL!	-0,27588696	-0,900223346	#ZAHL!	#ZAHL!	-0,462973604	#ZAHL!	2,178976947
0	0,4	0,12	0,14	0	0,34	0	50			#ZAHL!	-0,397940009	-0,920818754	-0,853871964	#ZAHL!	-0,468521083	#ZAHL!	1,698970004
0	0,252688172	0,318996416	0,035842294	0	0,392473118	0	558			#ZAHL!	-0,597415086	-0,496214197	-1,445604203	#ZAHL!	-0,406190084	#ZAHL!	2,746634199
0	0,305647841	0,205980066	0	0	0,488372093	0	301			#ZAHL!	-0,514778668	-0,686174806	#ZAHL!	#ZAHL!	-0,311249161	#ZAHL!	2,478566496
0	0,311608961	0,16700611	0	0	0,521384929	0	491			#ZAHL!	-0,506390061	-0,77726764	#ZAHL!	#ZAHL!	-0,282841527	#ZAHL!	2,691081492
0	0,127586207	0,796551724	0	0	0,075862069	0	290			#ZAHL!	-0,894196274	-0,098786018	#ZAHL!	#ZAHL!	-1,119975317	#ZAHL!	2,462397998
0	0,013333333	0,053333333	0,733333333	0	0,173333333	0,026666667	150			#ZAHL!	-1,875061263	-1,273001272	-0,134698574	#ZAHL!	-0,761117911	-1,574031268	2,176091259
0	0,261111111	0,444444444	0,044444444	0	0,25	0	360			#ZAHL!	-0,583174647	-0,352182518	-1,352182518	#ZAHL!	-0,602059991	#ZAHL!	2,556302501
0	0,368421053	0,157894737	0	0	0,473684211	0	38			#ZAHL!	-0,433655561	-0,801632346	#ZAHL!	#ZAHL!	-0,324511092	#ZAHL!	1,579783597
0	0,3125	0,125	0	0	0,5625	0	32			#ZAHL!	-0,505149978	-0,903089987	#ZAHL!	#ZAHL!	-0,249877473	#ZAHL!	1,505149978
0	0,161290323	0,306451613	0	0	0,532258065	0	62			#ZAHL!	-0,792391689	-0,513638089	#ZAHL!	#ZAHL!	-0,27387775	#ZAHL!	1,792391689
0	0,516666667	0,133333333	0	0	0,35	0	60			#ZAHL!	-0,286789557	-0,875061263	#ZAHL!	#ZAHL!	-0,455931956	#ZAHL!	1,77815125
0	0,054878049	0,006097561	0,81097561	0	0,12804878	0	164			#ZAHL!	-1,260601339	-2,214843848	-0,090992207	#ZAHL!	-0,892624553	#ZAHL!	2,214843848
0,106060606	0,121212121	0,242424242	0	0	0,53030303	0	66			-0,974445896	-0,916453949	-0,615423953	#ZAHL!	#ZAHL!	-0,275475891	#ZAHL!	1,819543936
0	0,275	0,35	0	0	0,375	0	40			#ZAHL!	-0,560667306	-0,455931956	#ZAHL!	#ZAHL!	-0,425968732	#ZAHL!	1,602059991
0	0,123287671	0,260273973	0,315068493	0	0,301369863	0	73			#ZAHL!	-0,909080351	-0,584569259	-0,501595024	#ZAHL!	-0,520900179	#ZAHL!	1,86332286
0,079545455	0,125	0,454545455	0	0	0,340909091	0	176			-1,099384632	-0,903089987	-0,342422681	#ZAHL!	#ZAHL!	-0,467361417	#ZAHL!	2,245512668
0	0,194444444	0,138888889	0	0	0,611111111	0,055555556	36			#ZAHL!	-0,711204461	-0,857332496	#ZAHL!	#ZAHL!	-0,21387982	-1,255272505	1,556302501
0,005934718	0,350148368	0,154302671	0,002967359	0,047477745	0,439169139	0	337			-2,226599905	-0,455747894	-0,811626557	-2,527629901	-1,323509918	-0,357368185	#ZAHL!	2,527629901
0	0,377777778	0,222222222	0,022222222	0	0,377777778	0	45			#ZAHL!	-0,422763592	-0,653212514	-1,653212514	#ZAHL!	-0,422763592	#ZAHL!	1,653212514
0	0,214285714	0,583333333	0,011904762	0	0,19047619	0	84			#ZAHL!	-0,669006781	-0,234083206	-1,924279286	#ZAHL!	-0,720159303	#ZAHL!	1,924279286
0	0,188118812	0,61980198	0,001980198	0	0,19009901	0	505			#ZAHL!	-0,725567773	-0,207747041	-2,703291378	#ZAHL!	-0,721020145	#ZAHL!	2,703291378
0	0,430769231	0,338461538	0	0	0,230769231	0	65			#ZAHL!	-0,365755325	-0,470490676	#ZAHL!	#ZAHL!	-0,636822098	#ZAHL!	1,812913357
0	0,3	0,25	0,025	0	0,425	0	40			#ZAHL!	-0,522878745	-0,602059991	-1,602059991	#ZAHL!	-0,37161107	#ZAHL!	1,602059991
0	0,28125	0,03125	0	0	0,6875	0	32			#ZAHL!	-0,550907469	-1,505149978	#ZAHL!	#ZAHL!	-0,162727297	#ZAHL!	1,505149978
0	0,611267606	0,115492958	0	0,036619718	0,236619718	0	355			#ZAHL!	-0,213768619	-0,937444496	#ZAHL!	-1,436285001	-0,625949067	#ZAHL!	2,550228353
0	0,738636364	0,034090909	0	0	0,227272727	0	88			#ZAHL!	-0,131569316	-1,467361417	#ZAHL!	#ZAHL!	-0,643452676	#ZAHL!	1,944482672
0	0,049122807	0,81754386	0,077192982	0	0,056140351	0	285			#ZAHL!	-1,308716824	-0,087488939	-1,112422179	#ZAHL!	-1,250724877	#ZAHL!	2,45484486
0	0,072580645	0,75	0,120967742	0	0,056451613	0	372			#ZAHL!	-1,139179176	-0,124938737	-0,917330426	#ZAHL!	-1,248323645	#ZAHL!	2,57054294
0	0,793103448	0,025862069	0	0	0,181034483	0	116			#ZAHL!	-0,100670162	-1,587336735	#ZAHL!	#ZAHL!	-0,742238694	#ZAHL!	2,064457989
0	0,073298429	0,816753927	0	0	0,109947644	0	191			#ZAHL!	-1,134905332	-0,087908769	#ZAHL!	#ZAHL!	-0,958814073	#ZAHL!	2,281033367
0	0,417021277	0,238297872	0	0	0,344680851	0	235			#ZAHL!	-0,379841787	-0,622879835	#ZAHL!	#ZAHL!	-0,462582843	#ZAHL!	2,371067862
0,018248175	0,083941606	0,062043796	0,605839416	0,083941606	0,145985401	0	274			-1,738780558	-1,076022727	-1,207301641	-0,217642475	-1,076022727	-0,835690571	#ZAHL!	2,437750563
0	0,296407186	0,275449102	0	0,071856287	0,356287425	0	334			#ZAHL!	-0,528111272	-0,559958639	#ZAHL!	-1,143535225	-0,448199505	#ZAHL!	2,523746467
0	0,053452116	0,280623608	0,590200445	0	0,075723831	0	449			#ZAHL!	-1,272035099	-0,551875796	-0,229000467	#ZAHL!	-1,120767424	#ZAHL!	2,652246341
0	0,368421053	0,105263158	0,035087719	0,149122807	0,342105263	0	114			#ZAHL!	-0,433655561	-0,977723605	-1,45484486	-0,82645593	-0,465840244	#ZAHL!	2,056904851
0	0,20295203	0,180811808	0,346863469	0	0,269372694	0	271			#ZAHL!	-0,692606601	-0,742773211	-0,459841437	#ZAHL!	-0,569646431	#ZAHL!	2,432969291
0	0,253164557	0,265822785	0	0	0,481012658	0	79			#ZAHL!	-0,596597096	-0,575407797	#ZAHL!	#ZAHL!	-0,317843495	#ZAHL!	1,897627091
0	0,24695122	0,167682927	0,042682927	0	0,542682927	0	328			#ZAHL!	-0,607388825	-0,775511154	-1,369745808	#ZAHL!	-0,265453841	#ZAHL!	2,515873844
0	0,216216216	0,135135135	0	0	0,648648649	0	37			#ZAHL!	-0,665111737	-0,86923172	#ZAHL!	#ZAHL!	-0,187990482	#ZAHL!	1,568201724
0	0,054421769	0,880952381	0	0	0,06462585	0	294			#ZAHL!	-1,264227348	-0,055047566	#ZAHL!	#ZAHL!	-1,189593729	#ZAHL!	2,46834733
0	0,405529954	0,216589862	0	0	0,377880184	0	217			#ZAHL!	-0,391977062	-0,664361876	#ZAHL!	#ZAHL!	-0,422645881	#ZAHL!	2,336459734
0	0,345864662	0,214285714	0	0	0,439849624	0	266			#ZAHL!	-0,461093809	-0,669006781	#ZAHL!	#ZAHL!	-0,356695775	#ZAHL!	2,424881637
0	0,193548387	0,258064516	0,161290323	0	0,387096774	0	62			#ZAHL!	-0,713210443	-0,588271707	-0,792391689	#ZAHL!	-0,412180448	#ZAHL!	1,792391689
0	0,29787234	0,361702128	0,007092199	0	0,333333333	0	282			#ZAHL!	-0,525969822	-0,441648937	-2,149219113	#ZAHL!	-0,477121255	#ZAHL!	2,450249108
0	0,407079646	0,168141593	0	0	0,424778761	0	226			#ZAHL!	-0,390320612	-0,774324843	#ZAHL!	#ZAHL!	-0,371837206	#ZAHL!	2,354108439
0	0,068965517	0,275862069	0	0	0,586206897	0,068965517	29			#ZAHL!	-1,161368002	-0,559308011	#ZAHL!	#ZAHL!	-0,231949077	-1,161368002	1,462397998
0	0,209302326	0,427906977	0	0	0,362790698	0	215			#ZAHL!	-0,679225946	-0,368650633	#ZAHL!	#ZAHL!	-0,440343857	#ZAHL!	2,33243846
0	0,419753086	0,049382716	0	0	0,530864198	0	81			#ZAHL!	-0,377006102	-1,306425028	#ZAHL!	#ZAHL!	-0,275016563	#ZAHL!	1,908485019
0	0,12371134	0,020618557	0,608247423	0	0,24742268	0	97			#ZAHL!	-0,907590488	-1,685741739	-0,215919723	#ZAHL!	-0,606560493	#ZAHL!	1,986771734
0	0,022346369	0,027932961	0,832402235	0	0,117318436	0	179			#ZAHL!	-1,65079304	-1,553883027	-0,079666763	#ZAHL!	-0,930633736	#ZAHL!	2,252853031
0	0,162790698	0,093023256	0,255813953	0	0,488372093	0	43			#ZAHL!	-0,788370416	-1,031408464	-0,59207577	#ZAHL!	-0,311249161	#ZAHL!	1,633468456
0	0,121212121	0,090909091	0,606060606	0	0,181818182	0	99			#ZAHL!	-0,916453949	-1,041392685	-0,217483944	#ZAHL!	-0,740362689	#ZAHL!	1,995635195
0	0,333333333	0,315789474	0,01754386	0	0,333333333	0	57			#ZAHL!	-0,477121255	-0,500602351	-1,755874856	#ZAHL!	-0,477121255	#ZAHL!	1,755874856
0	0,29375	0,3875	0,00625	0	0,3125	0	160			#ZAHL!	-0,532022125	-0,411728293	-2,204119983	#ZAHL!	-0,505149978	#ZAHL!	2,204119983
0	0,434782609	0,108695652	0,02173913	0	0,434782609	0	46			#ZAHL!	-0,361727836	-0,963787827	-1,662757832	#ZAHL!	-0,361727836	#ZAHL!	1,662757832
0	0,044164038	0,807570978	0,097791798	0	0,050473186	0	317			#ZAHL!	-1,354931227	-0,092819297	-1,009697568	#ZAHL!	-1,29693928	#ZAHL!	2,501059262
0	0,077294686	0,855072464	0	0	0,06763285	0	414			#ZAHL!	-1,111850363	-0,067997079	#ZAHL!	#ZAHL!	-1,16984231	#ZAHL!	2,617000341
0	0,230769231	0,400809717	0	0	0,368421053	0	247			#ZAHL!	-0,636822098	-0,397061759	#ZAHL!	#ZAHL!	-0,433655561	#ZAHL!	2,392696953
0	0,222222222	0,24	0	0	0,537777778	0	225			#ZAHL!	-0,653212514	-0,619788758	#ZAHL!	#ZAHL!	-0,269397148	#ZAHL!	2,352182518
0	0,113537118	0,218340611	0	0	0,668122271	0	229			#ZAHL!	-0,944862134	-0,660865478	#ZAHL!	#ZAHL!	-0,175144052	#ZAHL!	2,359835482
0,013422819	0,379194631	0,05033557	0,003355705	0	0,553691275	0	298			-1,872156273	-0,421137821	-1,298125005	-2,474216264	#ZAHL!	-0,25673232	#ZAHL!	2,474216264
0	0,461538462	0,057692308	0	0	0,480769231	0	52			#ZAHL!	-0,335792102	-1,238882089	#ZAHL!	#ZAHL!	-0,318063335	#ZAHL!	1,716003344
0	0,315789474	0,315789474	0	0	0,368421053	0	76			#ZAHL!	-0,500602351	-0,500602351	#ZAHL!	#ZAHL!	-0,433655561	#ZAHL!	1,880813592
0	0,523076923	0,215384615	0	0	0,261538462	0	65			#ZAHL!	-0,28143444	-0,666785321	#ZAHL!	#ZAHL!	-0,582464435	#ZAHL!	1,812913357
0	0,905882353	0,035294118	0	0	0,058823529	0	255			#ZAHL!	-0,042928201	-1,452297671	#ZAHL!	#ZAHL!	-1,230448921	#ZAHL!	2,40654018
0	0,013921114	0,051044084	0,814385151	0	0,120649652	0	431			#ZAHL!	-1,85632602	-1,292054589	-0,089170154	#ZAHL!	-0,918473927	#ZAHL!	2,63447727
0	0,283730159	0,33531746	0	0	0,380952381	0	504			#ZAHL!	-0,547094499	-0,474543832	#ZAHL!	#ZAHL!	-0,419129308	#ZAHL!	2,702430536
0	0,267361111	0,024305556	0,631944444	0	0,076388889	0	288			#ZAHL!	-0,572901763	-1,614294448	-0,1993211	#ZAHL!	-1,116969807	#ZAHL!	2,459392488
0	0,224489796	0,142857143	0,020408163	0	0,612244898	0	49			#ZAHL!	-0,648803395	-0,84509804	-1,69019608	#ZAHL!	-0,213074825	#ZAHL!	1,69019608
0	0,382978723	0,234042553	0,212765957	0	0,170212766	0	94			#ZAHL!	-0,416825353	-0,630705173	-0,672097858	#ZAHL!	-0,769007871	#ZAHL!	1,973127854
0	0,483870968	0	0	0	0,516129032	0	31			#ZAHL!	-0,315270435	#ZAHL!	#ZAHL!	#ZAHL!	-0,287241711	#ZAHL!	1,491361694
0	0,457446809	0,191489362	0,010638298	0	0,340425532	0	94			#ZAHL!	-0,339659398	-0,717855348	-1,973127854	#ZAHL!	-0,467977875	#ZAHL!	1,973127854
0	0,375	0,303571429	0	0	0,321428571	0	56			#ZAHL!	-0,425968732	-0,517739106	#ZAHL!	#ZAHL!	-0,492915522	#ZAHL!	1,748188027
0	0,212121212	0,439393939	0,015151515	0	0,333333333	0	66			#ZAHL!	-0,6734159	-0,357145938	-1,819543936	#ZAHL!	-0,477121255	#ZAHL!	1,819543936
0,043478261	0,254658385	0,273291925	0	0	0,428571429	0	161			-1,361727836	-0,594042019	-0,5633732	#ZAHL!	#ZAHL!	-0,367976785	#ZAHL!	2,206825876
0	0,243902439	0,304878049	0,146341463	0	0,304878049	0	82			#ZAHL!	-0,612783857	-0,515873844	-0,834632606	#ZAHL!	-0,515873844	#ZAHL!	1,913813852
0,115646259	0,489795918	0,115646259	0	0	0,278911565	0	147			-0,936868413	-0,309984838	-0,936868413	#ZAHL!	#ZAHL!	-0,554533478	#ZAHL!	2,167317335
0	0,25	0,151315789	0	0	0,598684211	0	152			#ZAHL!	-0,602059991	-0,820115752	#ZAHL!	#ZAHL!	-0,222802196	#ZAHL!	2,181843588
0,048913043	0,336956522	0,22826087	0	0	0,385869565	0	184			-1,310575314	-0,472426134	-0,641568533	#ZAHL!	#ZAHL!	-0,413559474	#ZAHL!	2,264817823
0	0,243614931	0,351669941	0	0	0,404715128	0	509			#ZAHL!	-0,613296097	-0,453864751	#ZAHL!	#ZAHL!	-0,392850562	#ZAHL!	2,706717782
0	0,3	0,28	0	0	0,42	0	100			#ZAHL!	-0,522878745	-0,552841969	#ZAHL!	#ZAHL!	-0,37675071	#ZAHL!	2
0	0,252840909	0,207386364	0,079545455	0	0,460227273	0	352			#ZAHL!	-0,597152657	-0,683219803	-1,099384632	#ZAHL!	-0,337027649	#ZAHL!	2,546542663
0	0,388297872	0,186170213	0	0	0,425531915	0	188			#ZAHL!	-0,410834989	-0,730089805	#ZAHL!	#ZAHL!	-0,371067862	#ZAHL!	2,274157849
0	0,397435897	0,134615385	0	0	0,467948718	0	156			#ZAHL!	-0,400732909	-0,870905304	#ZAHL!	#ZAHL!	-0,329801738	#ZAHL!	2,193124598
0,007751938	0,158914729	0,201550388	0,011627907	0,093023256	0,527131783	0	258			-2,11058971	-0,798835849	-0,695616362	-1,934498451	-1,031408464	-0,278080798	#ZAHL!	2,411619706
0	0,07079646	0,03539823	0,707964602	0	0,185840708	0	113			#ZAHL!	-1,149988456	-1,451018452	-0,149988456	#ZAHL!	-0,730859149	#ZAHL!	2,053078443
0,001937984	0,364341085	0,11627907	0,005813953	0	0,511627907	0	516			-2,712649702	-0,438491852	-0,934498451	-2,235528447	#ZAHL!	-0,291045775	#ZAHL!	2,712649702
0	0,225274725	0,153846154	0	0	0,620879121	0	182			#ZAHL!	-0,647287531	-0,812913357	#ZAHL!	#ZAHL!	-0,206992945	#ZAHL!	2,260071388
0	0,314606742	0,157303371	0	0	0,528089888	0	89			#ZAHL!	-0,502231975	-0,803261971	#ZAHL!	#ZAHL!	-0,277292149	#ZAHL!	1,949390007
0,005154639	0,458762887	0,072164948	0	0	0,463917526	0	194			-2,28780173	-0,338411723	-1,141673694	#ZAHL!	#ZAHL!	-0,33355922	#ZAHL!	2,28780173
0	0,849002849	0,056980057	0	0	0,094017094	0	351			#ZAHL!	-0,071090852	-1,244277121	#ZAHL!	#ZAHL!	-1,026793177	#ZAHL!	2,545307116
0	0,19047619	0,222222222	0	0	0,587301587	0	189			#ZAHL!	-0,720159303	-0,653212514	#ZAHL!	#ZAHL!	-0,231138825	#ZAHL!	2,276461804
0	0,083333333	0,81547619	0	0	0,101190476	0	168			#ZAHL!	-1,079181246	-0,088588715	#ZAHL!	#ZAHL!	-0,99486036	#ZAHL!	2,225309282
0	0,176470588	0,294117647	0	0	0,529411765	0	34			#ZAHL!	-0,753327667	-0,531478917	#ZAHL!	#ZAHL!	-0,276206412	#ZAHL!	1,531478917
0	0,5	0,12	0	0	0,38	0	300			#ZAHL!	-0,301029996	-0,920818754	#ZAHL!	#ZAHL!	-0,420216403	#ZAHL!	2,477121255
0	0,290598291	0,094017094	0,404558405	0	0,210826211	0	351			#ZAHL!	-0,536706945	-1,026793177	-0,393018772	#ZAHL!	-0,676075397	#ZAHL!	2,545307116
0	0,588075881	0,043360434	0,169376694	0	0,199186992	0	738			#ZAHL!	-0,230566632	-1,362906384	-0,771146349	#ZAHL!	-0,700739027	#ZAHL!	2,868056362
0	0,287162162	0,371621622	0	0	0,341216216	0	296			#ZAHL!	-0,541872785	-0,429899026	#ZAHL!	#ZAHL!	-0,466970337	#ZAHL!	2,471291711
0	0,063197026	0,780669145	0,100371747	0	0,055762082	0	269			#ZAHL!	-1,199303359	-0,107532985	-0,998388516	#ZAHL!	-1,253661021	#ZAHL!	2,42975228
0	0,708474576	0,094915254	0	0,040677966	0,155932203	0	295			#ZAHL!	-0,14967573	-1,022663985	#ZAHL!	-1,39064077	-0,807064184	#ZAHL!	2,469822016
0	0,835106383	0,042553191	0,014184397	0,030141844	0,078014184	0	564			#ZAHL!	-0,078258197	-1,371067862	-1,848189117	-1,520830183	-1,107826427	#ZAHL!	2,751279104
0	0,025641026	0,032051282	0,782051282	0	0,16025641	0	156			#ZAHL!	-1,591064607	-1,494154594	-0,106764768	#ZAHL!	-0,79518459	#ZAHL!	2,193124598
